0.66078431372549	0.983333333333333	0.8	0.9	0.9	0.965	1	0.92
0.635294117647059	0.891666666666667	0.8	0.8	0.9	0.887	1	0.76
0.619607843137255	0.866666666666667	0.6	0.6	0.7	0.8	1	0.72
0.631372549019608	0.916666666666667	0.6	0.7	0.5	0.867	1	0.8
0.615686274509804	0.858333333333333	0.4	0.4	0.6	0.821	0	0.65
0.647058823529412	0.958333333333333	1	0.9	0.6	0.934	1	0.9
0.629411764705882	0.908333333333333	0.6	0.6	0.8	0.82	1	0.75
0.603921568627451	0.841666666666667	0.4	0.6	0.8	0.79	0	0.68
0.592156862745098	0.85	0.2	0.4	0.3	0.8	0	0.5
0.633333333333333	0.9	0.6	0.7	0.6	0.86	0	0.45
0.637254901960784	0.883333333333333	0.6	0.7	0.8	0.84	1	0.52
0.641176470588235	0.925	0.8	0.8	0.9	0.9	1	0.84
0.643137254901961	0.933333333333333	0.8	0.8	0.9	0.91	1	0.78
0.601960784313725	0.908333333333333	0.6	0.8	0.6	0.8	1	0.62
0.609803921568628	0.866666666666667	0.6	0.7	0.4	0.82	1	0.61
0.615686274509804	0.875	0.6	0.7	0.5	0.83	0	0.54
0.62156862745098	0.891666666666667	0.6	0.8	0.6	0.87	0	0.66
0.625490196078431	0.883333333333333	0.6	0.8	0.6	0.8	1	0.65
0.623529411764706	0.916666666666667	0.6	0.8	0.6	0.88	0	0.63
0.594117647058823	0.85	0.6	0.7	0.6	0.85	0	0.62
0.611764705882353	0.891666666666667	0.6	0.6	0.4	0.79	1	0.64
0.637254901960784	0.95	0.8	0.6	0.4	0.84	0	0.7
0.643137254901961	0.966666666666667	1	1	1	0.95	1	0.94
0.654901960784314	0.991666666666667	1	1	0.9	0.97	1	0.95
0.658823529411765	0.991666666666667	1	0.8	0.7	0.98	1	0.97
0.666666666666667	1	1	0.9	0.9	0.96	1	0.94
0.631372549019608	0.908333333333333	1	0.9	0.7	0.88	0	0.76
0.584313725490196	0.816666666666667	0.4	0.3	0.5	0.75	1	0.44
0.57843137254902	0.775	0.2	0.4	0.4	0.72	0	0.46
0.607843137254902	0.825	0.4	0.3	0.4	0.73	0	0.54
0.588235294117647	0.808333333333333	0.4	0.6	0.6	0.81	1	0.65
0.641176470588235	0.858333333333333	0.6	0.8	0.8	0.83	1	0.74
0.662745098039216	0.983333333333333	0.8	0.6	0.9	0.94	1	0.91
0.666666666666667	0.95	1	0.8	0.8	0.96	1	0.9
0.649019607843137	0.933333333333333	1	0.8	1	0.98	1	0.94
0.627450980392157	0.916666666666667	1	1	1	0.92	1	0.88
0.586274509803922	0.883333333333333	0.4	0.8	0.8	0.84	0	0.64
0.588235294117647	0.875	0.2	0.2	0.4	0.78	0	0.58
0.596078431372549	0.875	0.2	0.6	0.3	0.75	0	0.52
0.601960784313725	0.9	0.4	0.8	0.7	0.77	0	0.48
0.603921568627451	0.916666666666667	0.6	0.7	0.6	0.8	1	0.46
0.619607843137255	0.875	0.4	0.5	0.5	0.82	1	0.49
0.613725490196079	0.891666666666667	0.4	0.5	0.4	0.85	1	0.53
0.650980392156863	0.975	0.8	0.9	0.8	0.91	0	0.87
0.63921568627451	0.941666666666667	1	0.9	0.8	0.94	1	0.91
0.631372549019608	0.916666666666667	1	1	0.8	0.91	1	0.88
0.645098039215686	0.95	1	0.8	1	0.93	1	0.86
0.664705882352941	0.991666666666667	1	0.9	0.8	0.97	0	0.89
0.629411764705882	0.916666666666667	0.6	0.7	1	0.885	1	0.82
0.641176470588235	0.925	0.8	0.6	0.8	0.84	1	0.78
0.613725490196079	0.816666666666667	0.6	0.5	0.9	0.83	1	0.76
0.611764705882353	0.833333333333333	0.4	0.3	0.7	0.79	1	0.56
0.654901960784314	0.966666666666667	0.8	0.8	0.6	0.8	1	0.78
0.635294117647059	0.933333333333333	0.8	0.8	0.5	0.81	1	0.72
0.631372549019608	0.916666666666667	0.6	0.6	0.7	0.8	0	0.7
0.627450980392157	0.858333333333333	0.6	0.6	0.6	0.77	0	0.64
0.619607843137255	0.85	0.6	0.4	0.6	0.74	0	0.64
0.584313725490196	0.825	0.4	0.8	0.4	0.76	0	0.46
0.588235294117647	0.825	0.2	0.6	0.4	0.68	1	0.36
0.609803921568628	0.866666666666667	0.4	0.4	0.4	0.83	0	0.42
0.605882352941176	0.833333333333333	0.4	0.6	0.6	0.81	0	0.48
0.601960784313725	0.841666666666667	0.6	0.8	0.6	0.82	0	0.47
0.596078431372549	0.875	0.4	0.6	0.6	0.82	1	0.54
0.617647058823529	0.891666666666667	0.4	0.8	0.6	0.85	1	0.56
0.637254901960784	0.925	0.6	0.6	0.7	0.87	0	0.52
0.637254901960784	0.933333333333333	0.8	0.7	0.7	0.892	0	0.55
0.641176470588235	0.95	0.6	0.6	0.6	0.902	0	0.61
0.619607843137255	0.891666666666667	0.4	0.7	0.7	0.864	1	0.57
0.623529411764706	0.908333333333333	0.6	0.7	0.8	0.922	1	0.68
0.643137254901961	0.958333333333333	0.8	0.9	0.8	0.916	1	0.78
0.650980392156863	0.983333333333333	1	1	1	0.964	1	0.94
0.658823529411765	0.933333333333333	1	1	1	0.976	1	0.96
0.629411764705882	0.925	1	1	1	0.945	1	0.93
0.615686274509804	0.9	0.8	0.9	0.8	0.904	1	0.84
0.615686274509804	0.883333333333333	0.6	0.6	1	0.89	0	0.74
0.645098039215686	0.95	0.4	0.4	0.8	0.856	1	0.72
0.641176470588235	0.933333333333333	0.6	0.6	0.6	0.872	1	0.74
0.590196078431373	0.825	0.4	0.6	0.4	0.822	0	0.64
0.580392156862745	0.791666666666667	0.4	0.6	0.4	0.754	1	0.44
0.576470588235294	0.775	0.2	0.3	0.4	0.736	0	0.46
0.611764705882353	0.875	0.6	0.4	0.6	0.802	1	0.5
0.666666666666667	1	0.8	1	1	0.95	1	0.96
0.627450980392157	0.916666666666667	1	1	0.9	0.922	1	0.92
0.631372549019608	0.958333333333333	1	0.8	0.9	0.936	1	0.92
0.666666666666667	0.958333333333333	1	0.9	0.9	0.945	1	0.94
0.625490196078431	0.858333333333333	0.8	0.9	0.7	0.866	0	0.76
0.617647058823529	0.883333333333333	0.6	0.9	0.7	0.842	0	0.72
0.62156862745098	0.891666666666667	0.4	0.7	0.6	0.828	0	0.66
0.615686274509804	0.9	0.6	0.9	0.7	0.814	0	0.64
0.619607843137255	0.908333333333333	0.8	0.9	0.7	0.876	1	0.74
0.623529411764706	0.883333333333333	0.4	0.8	0.8	0.792	1	0.64
0.586274509803922	0.808333333333333	0.6	1	0.7	0.766	0	0.38
0.584313725490196	0.816666666666667	0.4	0.8	0.6	0.803	0	0.34
0.590196078431373	0.808333333333333	0.4	0.6	0.6	0.788	1	0.44
0.594117647058823	0.825	0.6	0.4	0.5	0.766	0	0.36
0.596078431372549	0.833333333333333	0.8	0.3	0.5	0.784	0	0.42
0.6	0.833333333333333	0.4	0.6	0.6	0.8	0	0.48
0.649019607843137	1	0.6	0.8	0.8	0.896	1	0.86
0.650980392156863	0.991666666666667	0.8	1	0.9	0.924	1	0.9
0.633333333333333	0.941666666666667	0.6	0.8	0.8	0.888	1	0.79
0.631372549019608	0.891666666666667	0.6	0.7	0.7	0.846	1	0.71
0.611764705882353	0.875	0.4	0.5	0.6	0.812	0	0.64
0.615686274509804	0.883333333333333	0.4	0.8	0.7	0.825	0	0.62
0.62156862745098	0.866666666666667	0.4	0.9	0.8	0.847	0	0.57
0.63921568627451	0.933333333333333	0.6	0.7	0.6	0.905	1	0.74
0.619607843137255	0.916666666666667	0.6	0.8	0.9	0.878	1	0.69
0.645098039215686	0.925	0.8	0.9	0.9	0.918	1	0.87
0.662745098039216	0.975	0.8	0.7	0.9	0.946	1	0.91
0.649019607843137	0.966666666666667	1	1	1	0.938	1	0.93
0.596078431372549	0.858333333333333	1	1	0.8	0.864	0	0.68
0.598039215686274	0.9	1	0.6	0.6	0.848	0	0.61
0.629411764705882	0.908333333333333	0.8	0.8	0.8	0.868	1	0.69
0.590196078431373	0.891666666666667	0.6	0.7	0.7	0.834	1	0.62
0.627450980392157	0.916666666666667	0.4	0.8	0.7	0.856	0	0.72
0.609803921568628	0.875	0.6	0.7	0.6	0.845	1	0.59
0.607843137254902	0.883333333333333	0.8	0.9	0.9	0.904	1	0.66
0.586274509803922	0.85	0.6	0.8	0.7	0.862	0	0.56
0.568627450980392	0.866666666666667	0.8	0.4	0.5	0.746	0	0.45
0.580392156862745	0.825	0.4	0.6	0.7	0.728	0	0.47
0.641176470588235	0.866666666666667	1	0.6	0.7	0.884	1	0.71
0.656862745098039	0.975	1	1	1	0.956	1	0.94
0.654901960784314	0.991666666666667	1	0.9	0.9	0.948	1	0.94
0.607843137254902	0.883333333333333	0.8	0.3	0.5	0.836	0	0.57
0.603921568627451	0.9	0.6	0.7	0.7	0.822	0	0.61
0.590196078431373	0.883333333333333	0.8	0.5	0.6	0.847	0	0.57
0.588235294117647	0.833333333333333	0.6	0.4	0.6	0.866	1	0.64
0.633333333333333	0.941666666666667	0.6	0.8	0.6	0.932	1	0.85
0.625490196078431	0.933333333333333	0.6	0.5	0.4	0.871	1	0.78
0.63921568627451	0.933333333333333	0.6	0.7	0.6	0.91	1	0.84
0.652941176470588	0.983333333333333	1	1	1	0.935	1	0.92
0.664705882352941	0.95	1	0.8	0.9	0.976	1	0.96
0.594117647058823	0.875	1	1	0.9	0.865	0	0.77
0.605882352941176	0.875	1	0.7	0.7	0.856	0	0.71
0.633333333333333	0.933333333333333	1	0.8	0.9	0.878	0	0.79
0.652941176470588	0.941666666666667	1	0.8	0.8	0.928	1	0.89
0.615686274509804	0.908333333333333	0.8	0.7	0.8	0.877	1	0.82
0.611764705882353	0.858333333333333	0.6	1	0.8	0.845	0	0.76
0.619607843137255	0.833333333333333	0.4	0.3	0.6	0.816	1	0.71
0.63921568627451	0.966666666666667	0.4	0.9	0.6	0.908	1	0.8
0.623529411764706	0.908333333333333	0.2	0.7	0.7	0.912	0	0.78
0.645098039215686	0.916666666666667	0.4	0.8	0.6	0.915	1	0.84
0.650980392156863	0.983333333333333	0.4	0.9	0.7	0.936	1	0.9
0.649019607843137	0.958333333333333	1	0.8	0.7	0.944	1	0.92
0.666666666666667	1	0.8	0.9	0.8	0.992	1	0.97
0.637254901960784	0.933333333333333	0.4	0.6	0.7	0.896	1	0.8
0.627450980392157	0.941666666666667	0.4	0.4	0.5	0.864	1	0.81
0.617647058823529	0.875	0.6	0.4	0.5	0.848	0	0.75
0.63921568627451	0.95	0.6	0.6	0.6	0.911	1	0.83
0.664705882352941	0.966666666666667	0.8	0.8	0.7	0.98	1	0.96
0.609803921568628	0.883333333333333	0.4	0.7	0.6	0.826	1	0.79
0.654901960784314	0.95	0.8	0.8	0.8	0.943	1	0.93
0.650980392156863	0.966666666666667	1	1	1	0.928	1	0.94
0.629411764705882	0.933333333333333	1	1	1	0.906	1	0.86
0.635294117647059	0.875	0.6	0.6	0.8	0.875	0	0.79
0.63921568627451	0.9	0.6	0.6	0.7	0.889	0	0.8
0.611764705882353	0.908333333333333	0.6	0.6	0.6	0.869	0	0.77
0.617647058823529	0.875	0.6	0.4	0.5	0.834	0	0.7
0.605882352941176	0.866666666666667	0.4	0.4	0.5	0.826	0	0.65
0.6	0.883333333333333	0.4	0.4	0.5	0.814	0	0.61
0.582352941176471	0.833333333333333	0.2	0.3	0.4	0.79	0	0.52
0.617647058823529	0.858333333333333	0.2	0.3	0.4	0.786	0	0.57
0.584313725490196	0.825	0.2	0.3	0.6	0.746	0	0.53
0.623529411764706	0.908333333333333	0.6	0.6	0.6	0.85	0	0.67
0.62156862745098	0.875	0.6	0.7	0.6	0.856	0	0.68
0.645098039215686	0.925	0.8	0.9	0.8	0.901	1	0.81
0.631372549019608	0.916666666666667	1	0.9	0.8	0.897	0	0.78
0.592156862745098	0.85	0.6	0.7	1	0.833	0	0.65
0.613725490196079	0.85	0.6	0.4	0.6	0.827	0	0.64
0.574509803921569	0.808333333333333	0.4	0.4	0.8	0.78	1	0.64
0.609803921568628	0.825	0.4	0.5	0.6	0.798	0	0.65
0.611764705882353	0.841666666666667	0.4	0.5	0.7	0.804	1	0.68
0.654901960784314	0.975	1	0.8	0.9	0.907	1	0.89
0.631372549019608	0.916666666666667	0.8	0.8	1	0.913	1	0.86
0.633333333333333	0.941666666666667	0.8	0.8	0.9	0.923	1	0.89
0.629411764705882	0.925	0.8	0.8	0.8	0.897	1	0.87
0.627450980392157	0.925	0.8	0.9	0.7	0.887	1	0.85
0.645098039215686	0.991666666666667	0.8	0.9	0.9	0.916	1	0.9
0.625490196078431	0.916666666666667	0.6	0.7	0.7	0.904	0	0.82
0.605882352941176	0.9	0.6	0.5	0.6	0.812	0	0.72
0.601960784313725	0.85	0.6	0.6	0.6	0.827	0	0.73
0.588235294117647	0.866666666666667	0.6	0.7	0.6	0.816	0	0.71
0.598039215686274	0.891666666666667	0.4	0.5	0.5	0.842	0	0.71
0.586274509803922	0.833333333333333	0.4	0.6	0.7	0.788	0	0.68
0.615686274509804	0.916666666666667	0.6	0.8	0.8	0.88	0	0.75
0.619607843137255	0.883333333333333	0.4	0.5	0.8	0.832	0	0.72
0.641176470588235	0.941666666666667	0.8	0.9	0.9	0.911	1	0.89
0.62156862745098	0.891666666666667	0.6	0.7	0.6	0.868	1	0.84
0.656862745098039	0.983333333333333	1	0.9	0.7	0.944	1	0.93
0.649019607843137	0.958333333333333	1	0.9	0.7	0.936	1	0.93
0.635294117647059	0.933333333333333	1	1	1	0.908	1	0.88
0.635294117647059	0.925	1	0.9	0.8	0.916	1	0.9
0.633333333333333	0.916666666666667	1	0.8	1	0.898	1	0.87
0.631372549019608	0.95	1	0.9	0.8	0.894	1	0.86
0.658823529411765	0.983333333333333	1	0.9	1	0.953	1	0.94
0.619607843137255	0.908333333333333	0.6	0.7	0.6	0.876	0	0.77
0.601960784313725	0.891666666666667	0.4	0.6	0.7	0.852	1	0.78
0.6	0.875	0.4	0.6	0.5	0.826	0	0.73
0.607843137254902	0.883333333333333	0.4	0.7	0.5	0.833	0	0.73
0.609803921568628	0.866666666666667	0.6	0.9	0.9	0.843	0	0.7
0.613725490196079	0.891666666666667	0.6	0.8	0.9	0.869	0	0.72
0.62156862745098	0.858333333333333	0.6	0.5	0.6	0.854	1	0.73
0.617647058823529	0.916666666666667	0.4	0.7	0.6	0.846	1	0.72
0.666666666666667	1	1	0.9	0.9	0.991	1	0.97
0.654901960784314	1	1	0.8	1	0.987	1	0.97
0.584313725490196	0.875	0.6	0.7	0.8	0.854	0	0.69
0.57843137254902	0.825	0.4	0.5	0.6	0.765	0	0.57
0.617647058823529	0.825	0.4	0.7	0.6	0.789	0	0.63
0.607843137254902	0.85	0.6	0.7	0.8	0.802	1	0.66
0.598039215686274	0.883333333333333	0.4	0.6	0.6	0.816	0	0.64
0.590196078431373	0.866666666666667	0.6	0.7	0.8	0.812	1	0.68
0.637254901960784	0.9	0.8	0.9	0.8	0.906	1	0.79
0.643137254901961	0.916666666666667	0.8	1	0.8	0.914	1	0.82
0.662745098039216	1	0.8	1	1	0.966	1	0.95
0.652941176470588	0.991666666666667	1	1	0.9	0.978	1	0.96
0.649019607843137	0.975	0.8	0.9	1	0.942	1	0.94
0.647058823529412	0.966666666666667	1	1	0.9	0.936	1	0.93
0.631372549019608	0.933333333333333	0.8	0.9	0.9	0.926	1	0.91
0.629411764705882	0.908333333333333	0.8	0.8	0.8	0.913	1	0.85
0.635294117647059	0.916666666666667	0.8	0.6	0.7	0.897	1	0.84
0.611764705882353	0.866666666666667	0.6	0.7	0.7	0.842	0	0.74
0.613725490196079	0.858333333333333	0.6	0.8	0.8	0.875	0	0.76
0.619607843137255	0.916666666666667	0.6	0.7	0.8	0.856	0	0.75
0.635294117647059	0.941666666666667	0.8	0.9	0.8	0.879	0	0.76
0.603921568627451	0.908333333333333	0.4	0.6	0.8	0.845	0	0.71
0.598039215686274	0.875	0.4	0.6	0.4	0.823	0	0.67
0.580392156862745	0.825	0.4	0.5	0.5	0.803	0	0.61
0.6	0.916666666666667	0.4	0.7	0.8	0.845	0	0.63
0.611764705882353	0.916666666666667	0.4	0.7	0.6	0.853	0	0.64
0.623529411764706	0.933333333333333	0.6	0.8	0.7	0.867	0	0.71
0.635294117647059	0.925	0.8	0.6	0.6	0.901	1	0.82
0.613725490196079	0.866666666666667	0.6	0.8	0.9	0.865	0	0.73
0.625490196078431	0.883333333333333	0.6	0.7	0.5	0.833	1	0.74
0.611764705882353	0.891666666666667	0.4	0.5	0.7	0.827	0	0.69
0.596078431372549	0.833333333333333	0.4	0.5	0.7	0.807	0	0.64
0.647058823529412	0.941666666666667	1	1	0.8	0.931	1	0.91
0.63921568627451	0.925	1	0.9	0.8	0.923	1	0.88
0.637254901960784	0.933333333333333	0.8	0.8	0.9	0.917	1	0.85
0.645098039215686	0.95	1	0.9	1	0.919	1	0.86
0.607843137254902	0.866666666666667	0.6	0.4	0.7	0.837	0	0.7
0.586274509803922	0.833333333333333	0.2	0.3	0.4	0.789	0	0.59
0.580392156862745	0.841666666666667	0.2	0.5	0.6	0.768	0	0.6
0.62156862745098	0.858333333333333	0.4	0.5	0.4	0.815	0	0.65
0.635294117647059	0.958333333333333	0.6	0.7	0.6	0.876	1	0.7
0.637254901960784	0.95	0.6	0.7	0.6	0.904	1	0.76
0.615686274509804	0.891666666666667	0.4	0.5	0.8	0.856	0	0.63
0.643137254901961	0.916666666666667	0.8	0.8	0.5	0.902	1	0.81
0.619607843137255	0.875	0.6	0.6	0.7	0.873	0	0.72
0.609803921568628	0.866666666666667	0.4	0.5	0.7	0.848	0	0.71
0.635294117647059	0.916666666666667	0.6	0.7	0.8	0.887	1	0.8
0.629411764705882	0.925	0.6	0.7	0.8	0.883	1	0.77
0.627450980392157	0.866666666666667	0.6	0.6	0.5	0.857	1	0.74
0.619607843137255	0.825	0.4	0.5	0.6	0.9	0	0.7
0.623529411764706	0.833333333333333	0.4	0.5	0.7	0.854	1	0.71
0.656862745098039	0.958333333333333	0.8	0.9	0.9	0.968	1	0.93
0.629411764705882	0.95	0.8	0.8	1	0.912	0	0.85
0.601960784313725	0.916666666666667	0.8	0.8	0.9	0.837	0	0.79
0.605882352941176	0.825	0.6	0.8	0.8	0.856	0	0.76
0.635294117647059	0.833333333333333	0.6	0.8	1	0.864	1	0.78
0.63921568627451	0.85	0.8	1	1	0.876	1	0.77
0.649019607843137	0.991666666666667	0.8	1	0.9	0.934	1	0.9
0.641176470588235	0.9	1	1	0.7	0.913	1	0.87
0.611764705882353	0.866666666666667	0.6	0.7	0.8	0.809	0	0.71
0.603921568627451	0.858333333333333	0.4	0.5	0.8	0.836	1	0.7
0.635294117647059	0.925	0.6	0.5	0.3	0.879	1	0.7
0.637254901960784	0.916666666666667	0.4	0.6	0.5	0.876	1	0.75
0.613725490196079	0.85	0.6	0.5	0.5	0.868	0	0.71
0.611764705882353	0.875	0.4	0.4	0.5	0.845	0	0.72
0.615686274509804	0.891666666666667	0.6	0.6	0.7	0.817	1	0.73
0.641176470588235	0.941666666666667	0.8	0.9	1	0.914	0	0.83
0.603921568627451	0.9	0.8	0.9	1	0.834	0	0.77
0.6	0.875	0.4	0.5	0.6	0.822	1	0.72
0.586274509803922	0.8	0.4	0.3	0.4	0.786	0	0.54
0.576470588235294	0.791666666666667	0.2	0.3	0.3	0.764	0	0.49
0.611764705882353	0.825	0.2	0.2	0.3	0.801	1	0.52
0.617647058823529	0.833333333333333	0.2	0.4	0.5	0.795	0	0.58
0.631372549019608	0.916666666666667	0.6	0.7	0.6	0.896	1	0.78
0.645098039215686	0.941666666666667	1	1	0.9	0.945	1	0.89
0.627450980392157	0.841666666666667	0.4	0.5	0.6	0.862	0	0.7
0.603921568627451	0.858333333333333	0.4	0.6	0.7	0.849	0	0.66
0.596078431372549	0.85	0.4	0.6	0.8	0.873	0	0.67
0.609803921568628	0.85	0.6	0.9	0.8	0.864	1	0.68
0.62156862745098	0.916666666666667	0.6	0.8	0.9	0.911	1	0.8
0.611764705882353	0.883333333333333	0.6	0.8	0.7	0.879	1	0.81
0.629411764705882	0.925	0.6	0.5	0.6	0.89	1	0.8
0.666666666666667	0.933333333333333	0.8	1	0.9	0.966	1	0.94
0.649019607843137	0.966666666666667	1	0.8	0.8	0.926	1	0.93
0.658823529411765	0.983333333333333	1	0.9	0.8	0.919	1	0.92
0.635294117647059	0.95	1	1	0.9	0.908	1	0.89
0.615686274509804	0.866666666666667	0.8	1	1	0.902	0	0.82
0.613725490196079	0.908333333333333	0.6	0.8	0.7	0.9	0	0.79
0.601960784313725	0.875	0.4	0.5	0.6	0.765	0	0.58
0.588235294117647	0.85	0.4	0.3	0.4	0.787	0	0.56
0.592156862745098	0.825	0.4	0.2	0.4	0.797	0	0.56
0.611764705882353	0.816666666666667	0.2	0.7	0.6	0.818	1	0.64
0.619607843137255	0.841666666666667	0.4	0.5	0.4	0.832	1	0.61
0.62156862745098	0.833333333333333	0.4	0.6	0.5	0.857	0	0.68
0.607843137254902	0.891666666666667	0.6	0.7	0.7	0.867	0	0.76
0.627450980392157	1	0.6	0.8	0.9	0.911	0	0.86
0.647058823529412	0.95	0.6	0.9	0.9	0.924	1	0.9
0.598039215686274	0.933333333333333	0.6	0.6	0.7	0.865	0	0.71
0.605882352941176	0.883333333333333	0.4	0.5	0.5	0.8	0	0.62
0.625490196078431	0.9	0.4	0.5	0.6	0.876	0	0.66
0.631372549019608	0.875	0.4	0.6	0.6	0.845	1	0.65
0.633333333333333	0.891666666666667	0.6	0.7	0.7	0.855	1	0.73
0.613725490196079	0.883333333333333	0.4	0.5	0.4	0.843	0	0.62
0.629411764705882	0.908333333333333	0.6	0.7	0.7	0.88	1	0.74
0.633333333333333	0.916666666666667	0.6	0.8	0.7	0.91	1	0.79
0.637254901960784	0.933333333333333	0.8	0.8	0.8	0.9	1	0.8
0.611764705882353	0.9	0.6	0.7	0.6	0.853	0	0.69
0.603921568627451	0.916666666666667	0.8	0.7	0.6	0.86	0	0.7
0.627450980392157	0.866666666666667	0.6	0.6	0.7	0.874	1	0.76
0.643137254901961	0.9	0.8	0.9	0.8	0.918	1	0.84
0.609803921568628	0.891666666666667	0.8	0.9	0.9	0.9	1	0.78
0.590196078431373	0.833333333333333	0.6	0.7	0.6	0.804	0	0.67
0.598039215686274	0.875	0.4	0.6	0.8	0.813	0	0.66
0.603921568627451	0.866666666666667	0.4	0.5	0.6	0.807	0	0.65
0.584313725490196	0.841666666666667	0.4	0.3	0.4	0.786	0	0.54
0.588235294117647	0.825	0.2	0.2	0.5	0.801	0	0.58
0.635294117647059	0.925	0.6	0.5	0.4	0.88	1	0.79
0.641176470588235	0.941666666666667	0.8	0.7	0.6	0.869	1	0.8
0.62156862745098	0.883333333333333	0.6	0.8	0.7	0.85	1	0.75
0.633333333333333	0.866666666666667	0.6	0.8	0.8	0.844	1	0.73
0.615686274509804	0.891666666666667	0.4	0.5	0.8	0.827	0	0.72
0.598039215686274	0.85	0.4	0.4	0.5	0.818	0	0.62
0.617647058823529	0.866666666666667	0.6	0.6	0.5	0.833	0	0.67
0.63921568627451	0.966666666666667	0.6	0.7	0.8	0.914	1	0.81
0.586274509803922	0.833333333333333	0.6	0.4	0.4	0.802	0	0.63
0.57843137254902	0.841666666666667	0.4	0.5	0.4	0.786	0	0.69
0.635294117647059	0.933333333333333	0.8	0.8	0.7	0.877	1	0.8
0.582352941176471	0.8	0.4	0.5	0.3	0.789	0	0.43
0.641176470588235	0.941666666666667	0.6	0.7	0.6	0.866	1	0.8
0.609803921568628	0.875	0.4	0.6	0.4	0.812	1	0.73
0.603921568627451	0.883333333333333	0.6	0.7	0.5	0.821	1	0.75
0.625490196078431	0.9	0.6	0.6	0.7	0.854	1	0.71
0.611764705882353	0.891666666666667	0.8	0.9	0.8	0.865	1	0.73
0.637254901960784	0.925	0.8	0.8	0.9	0.911	1	0.83
0.625490196078431	0.916666666666667	0.6	0.6	0.5	0.879	0	0.72
0.650980392156863	0.983333333333333	1	1	1	0.947	1	0.94
0.633333333333333	0.9	1	0.8	0.8	0.874	1	0.81
0.635294117647059	0.891666666666667	1	0.7	0.8	0.866	1	0.81
0.611764705882353	0.891666666666667	0.6	0.6	0.6	0.846	1	0.75
0.63921568627451	0.916666666666667	0.6	0.7	0.7	0.876	1	0.79
0.603921568627451	0.883333333333333	0.6	0.6	0.6	0.824	0	0.58
0.598039215686274	0.858333333333333	0.4	0.5	0.7	0.813	0	0.59
0.57843137254902	0.8	0.4	0.3	0.4	0.734	0	0.47
0.619607843137255	0.816666666666667	0.2	0.3	0.4	0.743	0	0.49
0.596078431372549	0.808333333333333	0.4	0.3	0.4	0.764	0	0.47
0.586274509803922	0.783333333333333	0.2	0.2	0.2	0.734	0	0.42
0.592156862745098	0.825	0.2	0.4	0.4	0.725	0	0.57
0.613725490196079	0.841666666666667	0.6	0.5	0.6	0.804	0	0.62
0.623529411764706	0.891666666666667	0.6	0.6	0.7	0.827	1	0.74
0.637254901960784	0.916666666666667	0.8	0.7	0.8	0.867	1	0.73
0.594117647058823	0.833333333333333	0.4	0.6	0.7	0.806	1	0.64
0.588235294117647	0.85	0.6	0.7	0.5	0.817	0	0.63
0.582352941176471	0.816666666666667	0.4	0.5	0.6	0.767	0	0.59
0.62156862745098	0.883333333333333	0.4	0.4	0.7	0.812	0	0.73
0.641176470588235	0.908333333333333	0.6	0.7	0.8	0.877	1	0.79
0.590196078431373	0.866666666666667	0.4	0.7	0.7	0.789	1	0.68
0.615686274509804	0.875	0.4	0.5	0.4	0.764	0	0.7
0.629411764705882	0.891666666666667	0.4	0.4	0.3	0.844	0	0.81
0.631372549019608	0.916666666666667	0.6	0.8	1	0.864	1	0.85
0.654901960784314	0.966666666666667	0.8	0.8	0.7	0.954	1	0.93
0.662745098039216	0.958333333333333	1	0.9	1	0.923	1	0.91
0.6	0.858333333333333	0.4	0.5	0.6	0.836	0	0.69
0.613725490196079	0.85	0.6	0.7	0.8	0.89	1	0.77
0.647058823529412	0.95	0.8	0.9	0.6	0.917	1	0.86
0.627450980392157	0.866666666666667	0.6	0.7	0.9	0.834	1	0.74
0.609803921568628	0.816666666666667	0.2	0.2	0.5	0.746	0	0.57
0.584313725490196	0.766666666666667	0.2	0.4	0.4	0.788	0	0.51
0.590196078431373	0.816666666666667	0.2	0.4	0.6	0.803	1	0.67
0.607843137254902	0.858333333333333	0.4	0.5	0.5	0.824	0	0.72
0.635294117647059	0.916666666666667	0.6	0.7	0.6	0.922	1	0.89
0.658823529411765	0.991666666666667	0.8	0.9	0.8	0.962	1	0.95
0.629411764705882	0.908333333333333	0.6	0.6	0.6	0.854	1	0.79
0.617647058823529	0.875	0.4	0.4	0.5	0.765	0	0.39
0.596078431372549	0.841666666666667	0.4	0.4	0.5	0.766	0	0.38
0.582352941176471	0.8	0.4	0.5	0.4	0.743	0	0.34
0.568627450980392	0.833333333333333	0.2	0.3	0.4	0.756	0	0.47
0.594117647058823	0.816666666666667	0.2	0.4	0.5	0.765	0	0.56
0.609803921568628	0.825	0.2	0.5	0.6	0.843	1	0.71
0.631372549019608	0.866666666666667	0.6	0.7	0.8	0.884	1	0.78
0.625490196078431	0.875	0.6	0.6	0.7	0.867	1	0.73
0.635294117647059	0.916666666666667	0.8	0.9	0.8	0.915	1	0.82
0.588235294117647	0.833333333333333	0.6	0.6	0.7	0.826	0	0.62
0.666666666666667	0.941666666666667	0.8	1	1	0.974	1	0.96
0.656862745098039	0.975	1	1	1	0.982	1	0.96
0.592156862745098	0.841666666666667	0.4	0.5	0.7	0.796	0	0.46
0.601960784313725	0.875	0.4	0.4	0.7	0.81	0	0.53
0.580392156862745	0.808333333333333	0.4	0.3	0.4	0.78	0	0.49
0.627450980392157	0.9	0.6	0.7	0.8	0.844	1	0.76
0.615686274509804	0.85	0.4	0.4	0.5	0.824	0	0.64
0.623529411764706	0.883333333333333	0.6	0.4	0.6	0.865	0	0.71
0.63921568627451	0.933333333333333	0.8	0.8	0.7	0.912	1	0.84
0.62156862745098	0.866666666666667	0.4	0.6	0.6	0.876	0	0.77
0.645098039215686	0.925	0.8	0.9	0.8	0.923	1	0.89
0.635294117647059	0.916666666666667	0.6	0.7	0.7	0.904	1	0.82
0.637254901960784	0.891666666666667	0.6	0.6	0.7	0.911	1	0.84
0.647058823529412	0.966666666666667	0.8	1	0.9	0.945	1	0.91
0.611764705882353	0.858333333333333	0.6	0.7	0.8	0.878	0	0.67
0.652941176470588	0.975	0.8	1	0.8	0.966	1	0.95
0.596078431372549	0.833333333333333	0.4	0.7	0.6	0.822	0	0.63
0.617647058823529	0.875	0.4	0.6	0.6	0.834	0	0.66
0.635294117647059	0.908333333333333	0.6	0.7	0.6	0.894	1	0.78
0.647058823529412	0.966666666666667	0.8	0.8	0.7	0.923	1	0.91
0.609803921568628	0.841666666666667	0.6	0.4	0.5	0.764	1	0.62
0.592156862745098	0.825	0.6	0.5	0.6	0.745	0	0.52
0.631372549019608	0.858333333333333	0.8	0.6	0.5	0.802	1	0.61
0.584313725490196	0.833333333333333	0.6	0.5	0.8	0.795	1	0.58
0.582352941176471	0.841666666666667	0.6	0.4	0.8	0.767	1	0.57
0.588235294117647	0.816666666666667	0.2	0.4	0.5	0.802	0	0.61
0.590196078431373	0.8	0.2	0.6	0.8	0.756	0	0.54
0.613725490196079	0.783333333333333	0.4	0.5	0.3	0.813	0	0.56
0.615686274509804	0.85	0.8	0.5	0.4	0.788	1	0.59
0.62156862745098	0.841666666666667	0.6	0.6	0.4	0.794	1	0.49
0.629411764705882	0.916666666666667	0.8	0.7	0.8	0.835	1	0.72
0.641176470588235	0.883333333333333	0.8	0.8	0.9	0.875	1	0.76
0.617647058823529	0.866666666666667	0.6	0.8	0.5	0.81	0	0.65
0.619607843137255	0.858333333333333	0.6	0.7	0.4	0.768	0	0.52
0.605882352941176	0.925	0.4	0.5	0.8	0.803	0	0.6
0.603921568627451	0.85	0.4	0.4	0.7	0.798	1	0.58
0.586274509803922	0.833333333333333	0.6	0.4	0.6	0.742	0	0.42
0.629411764705882	0.933333333333333	0.6	0.6	0.9	0.895	1	0.77
0.631372549019608	0.933333333333333	0.8	0.7	0.5	0.902	1	0.73
0.654901960784314	0.991666666666667	1	0.9	1	0.954	1	0.94
0.637254901960784	0.95	1	0.8	1	0.946	1	0.91
0.633333333333333	0.925	1	0.8	1	0.986	1	0.92
0.611764705882353	0.883333333333333	0.6	0.6	1	0.857	0	0.71
0.607843137254902	0.841666666666667	0.6	0.7	1	0.865	1	0.71
0.619607843137255	0.858333333333333	0.4	0.4	0.9	0.874	0	0.69
0.666666666666667	0.958333333333333	1	1	0.9	0.906	1	0.95
0.609803921568628	0.866666666666667	0.6	0.8	0.7	0.813	1	0.74
0.627450980392157	0.933333333333333	0.4	0.7	0.7	0.878	1	0.73
0.635294117647059	0.933333333333333	0.8	0.9	0.8	0.922	1	0.86
0.619607843137255	0.925	0.8	0.8	1	0.854	0	0.71
0.6	0.858333333333333	0.6	0.7	0.6	0.821	0	0.64
0.605882352941176	0.875	0.4	0.5	0.8	0.768	0	0.55
0.607843137254902	0.916666666666667	0.2	0.3	0.8	0.723	1	0.58
0.62156862745098	0.883333333333333	0.2	0.3	0.7	0.765	1	0.61
0.623529411764706	0.916666666666667	0.2	0.5	0.7	0.854	1	0.67
0.611764705882353	0.875	0.4	0.3	0.6	0.846	0	0.66
0.598039215686274	0.866666666666667	0.4	0.5	0.3	0.779	0	0.53
0.650980392156863	0.933333333333333	0.2	0.3	0.6	0.866	1	0.79
0.649019607843137	0.966666666666667	0.8	0.9	0.9	0.944	1	0.92
0.629411764705882	0.95	1	0.9	0.9	0.916	1	0.87
0.635294117647059	0.941666666666667	1	0.8	1	0.925	1	0.92
0.643137254901961	0.966666666666667	1	0.9	1	0.908	1	0.91
0.641176470588235	0.983333333333333	0.8	1	1	0.967	1	0.93
0.627450980392157	0.9	0.6	0.7	1	0.897	1	0.84
0.611764705882353	0.908333333333333	0.4	0.5	0.8	0.902	0	0.8
0.617647058823529	0.841666666666667	0.6	0.7	0.9	0.913	0	0.79
0.627450980392157	0.933333333333333	0.8	0.6	0.9	0.886	1	0.82
0.635294117647059	0.941666666666667	0.8	0.9	0.9	0.925	1	0.89
0.643137254901961	0.966666666666667	0.8	1	0.7	0.96	1	0.93
0.625490196078431	0.858333333333333	0.6	0.5	0.8	0.876	1	0.73
0.607843137254902	0.875	0.4	0.6	0.7	0.801	0	0.71
0.598039215686274	0.85	0.4	0.3	0.5	0.764	0	0.59
0.586274509803922	0.833333333333333	0.4	0.4	0.4	0.788	0	0.51
0.57843137254902	0.825	0.2	0.4	0.3	0.757	0	0.37
0.611764705882353	0.833333333333333	0.2	0.6	0.6	0.853	1	0.69
0.645098039215686	0.941666666666667	0.8	0.8	0.7	0.936	1	0.89
0.625490196078431	0.875	0.8	0.8	0.9	0.866	1	0.77
0.590196078431373	0.85	0.6	0.5	0.4	0.813	1	0.68
0.601960784313725	0.875	0.8	0.6	0.6	0.794	0	0.62
0.596078431372549	0.891666666666667	0.6	0.7	0.6	0.786	0	0.57
0.584313725490196	0.808333333333333	0.4	0.4	0.6	0.721	0	0.45
0.598039215686274	0.8	0.8	0.6	0.9	0.826	0	0.54
0.615686274509804	0.825	0.8	0.7	0.9	0.873	1	0.71
0.623529411764706	0.841666666666667	1	0.7	1	0.878	1	0.78
0.633333333333333	0.916666666666667	0.8	0.8	1	0.888	1	0.81
0.63921568627451	0.95	0.8	0.8	0.7	0.916	1	0.86
0.627450980392157	0.916666666666667	1	0.8	0.8	0.927	1	0.87
0.609803921568628	0.858333333333333	0.6	0.4	0.8	0.809	0	0.64
0.641176470588235	0.966666666666667	0.8	0.8	0.9	0.948	1	0.9
0.619607843137255	0.85	0.4	0.8	0.7	0.815	0	0.67
0.603921568627451	0.875	0.8	0.6	0.5	0.795	1	0.67
0.588235294117647	0.841666666666667	0.6	0.7	0.5	0.788	0	0.59
0.596078431372549	0.866666666666667	0.6	0.5	0.4	0.812	0	0.62
0.605882352941176	0.875	0.8	0.7	0.4	0.818	0	0.65
0.623529411764706	0.858333333333333	0.6	0.8	0.9	0.849	1	0.71
0.637254901960784	0.916666666666667	0.8	0.9	0.8	0.896	1	0.79
0.629411764705882	0.85	0.6	0.7	0.8	0.901	1	0.8
0.633333333333333	0.891666666666667	0.8	0.6	0.5	0.848	1	0.78
0.643137254901961	0.941666666666667	0.8	0.8	0.5	0.877	1	0.83
0.596078431372549	0.858333333333333	1	1	0.6	0.792	0	0.71
0.62156862745098	0.883333333333333	0.6	0.7	0.6	0.789	1	0.73
0.609803921568628	0.841666666666667	0.4	0.5	0.7	0.834	1	0.7
0.625490196078431	0.85	0.6	0.5	0.5	0.837	0	0.68
0.641176470588235	0.958333333333333	0.8	0.7	0.8	0.914	0	0.79
0.631372549019608	0.933333333333333	0.6	0.6	0.8	0.862	1	0.76
0.592156862745098	0.916666666666667	0.6	0.8	0.9	0.85	0	0.65
0.601960784313725	0.875	0.4	0.5	0.9	0.812	1	0.67
0.582352941176471	0.825	0.8	0.6	0.7	0.781	0	0.54
0.584313725490196	0.841666666666667	0.8	0.5	0.9	0.769	1	0.53
0.588235294117647	0.791666666666667	0.4	0.6	0.3	0.822	1	0.62
0.590196078431373	0.825	0.6	0.5	0.4	0.845	1	0.68
0.650980392156863	0.9	1	0.9	0.8	0.902	1	0.87
0.66078431372549	0.975	1	1	1	0.987	1	0.96
0.647058823529412	1	1	0.9	1	0.956	1	0.93
0.611764705882353	0.858333333333333	0.8	0.8	1	0.843	0	0.73
0.641176470588235	0.941666666666667	0.8	0.9	0.9	0.904	0	0.84
