0.66078431372549	0.983333333333333	0.8	0.9	0.9	0.965	1
0.635294117647059	0.891666666666667	0.8	0.8	0.9	0.887	1
0.619607843137255	0.866666666666667	0.6	0.6	0.7	0.8	1
0.631372549019608	0.916666666666667	0.6	0.7	0.5	0.867	1
0.615686274509804	0.858333333333333	0.4	0.4	0.6	0.821	0
0.647058823529412	0.958333333333333	1	0.9	0.6	0.934	1
0.629411764705882	0.908333333333333	0.6	0.6	0.8	0.82	1
0.603921568627451	0.841666666666667	0.4	0.6	0.8	0.79	0
0.592156862745098	0.85	0.2	0.4	0.3	0.8	0
0.633333333333333	0.9	0.6	0.7	0.6	0.86	0
