7	8
1.76444	-3.25528	-2.30392	-2.622	1.98287	2.06423	2.18117	-2.71195	
2.79401	2.68208	0.686275	-0.324823	2.46661	2.80499	1.99207	0.237623	
1.15386	0.500575	1.53389	-0.235364	1.73944	1.17177	1.75179	-0.347706	
1.54724	0.145566	-1.83421	0.906929	1.58634	1.93763	1.49691	1.06715	
1.98398	0.223383	-0.19559	0.484604	1.83579	1.26736	1.74002	0.801338	
2.4588	6.70405	3.17634	3.0558	1.70566	2.47796	1.83906	2.45508	
0.791329	-6.2948	2.08324	3.41771	0.747569	0.68223	0.821715	1.76789	
8	3
0.303354	-6.27205	-3.10781	
-1.31258	5.49701	2.2528	
-0.391637	6.20546	2.12092	
-1.63612	5.94631	2.52664	
0.873605	-4.48906	-2.42662	
1.02866	-6.54603	-2.72748	
0.823442	-4.11376	-1.46077	
-2.32032	5.72926	2.04728	
3	1
-1.7067	
3.49712	
1.61472	
