7	8
-0.224402	-3.07291	2.71864	2.31554	2.67537	2.7073	6.47145	-3.54215	
0.206599	1.17687	3.28866	3.52884	3.04854	3.42774	6.45619	-0.412657	
0.835708	-1.18462	2.524	1.89388	1.67956	1.88679	1.59371	1.15223	
-0.307441	1.64935	2.20454	2.45653	2.06412	2.09701	-0.643915	-1.20419	
-0.523643	-0.0248105	1.76013	2.19484	2.13649	2.1401	0.0729868	1.81513	
2.10914	3.19715	2.77084	2.96495	3.47952	3.27276	11.7564	4.56867	
4.18567	1.11585	0.973136	1.21844	1.06709	1.12599	-21.8081	1.37324	
8	3
15.6053	5.2218	-0.425356	
11.7725	6.13481	-10.3586	
-8.72426	-4.81305	4.1947	
-9.75083	-5.24606	4.02562	
-9.31104	-4.82513	3.83825	
-10.9915	-6.31772	4.05223	
2.22521	3.17126	-3.23337	
12.0224	6.94836	-8.1687	
3	1
1.95286	
3.10072	
-5.27816	
